Timestamp: 2012-10-01 21:16:20.282201	Label: words	EP: 0.324074074074	ER: 0.555555555556	EF1: 0.409356725146
Timestamp: 2012-10-01 21:39:09.110919	Label: phrases	EP: 0.324074074074	ER: 0.555555555556	EF1: 0.409356725146
Timestamp: 2012-10-01 21:43:50.857456	Label: phrases	EP: 0.324074074074	ER: 0.555555555556	EF1: 0.409356725146
Timestamp: 2012-10-01 21:44:57.386800	Label: phrases	EP: 0.324074074074	ER: 0.555555555556	EF1: 0.409356725146
