Timestamp: 2012-10-01 21:19:22.567707	Label: words	EP: 0.0	ER: 0.0	EF1: 0.0
Timestamp: 2012-10-01 21:44:00.248636	Label: sentences	EP: 0.00222222222222	ER: 0.0666666666667	EF1: 0.00430107526881
Timestamp: 2012-10-01 21:45:06.914772	Label: sentences	EP: 0.00222222222222	ER: 0.0666666666667	EF1: 0.00430107526881
